Ind1 Ind2 Ind3 Ind4 Ind5 Ind6 Ind7 Ind8 Ind9 Ind10
1-4587 0 0 0 0 0 0 0 0 0 0
1-4051 0 80 90 19 45 4 1 7 0 83
1-3251 0 48 24 97 97 20 54 80 0 0
1-6256 0 0 76 100 58 43 55 15 0 19
1-9306 0 85 56 73 99 71 71 0 0 29
1-6257 0 0 80 23 44 34 97 80 0 98
1-2089 0 22 14 0 77 45 35 33 0 21
1-8415 0 72 57 24 10 62 61 96 0 38
1-9506 0 0 0 0 0 0 0 0 0 0
1-5322 0 62 79 3 32 18 33 83 0 79
1-2859 0 4 1 35 21 45 68 66 0 21
1-8163 0 78 37 93 31 0 58 15 0 80
1-5726 0 27 39 35 89 53 17 48 0 83
1-6200 0 16 83 0 14 100 84 28 0 98
1-9027 0 92 39 100 66 75 24 76 0 0
1-4885 0 19 0 8 38 0 97 16 0 19
1-7536 0 50 6 2 71 97 63 14 0 75
1-6076 0 49 12 21 0 15 74 97 0 99
1-1955 0 42 13 56 94 84 64 4 0 75
1-7729 0 34 24 52 44 66 7 16 0 47
1-8670 0 72 75 86 28 86 33 2 0 5
1-7422 0 21 95 98 79 39 98 83 0 25
1-2051 0 0 10 68 39 23 47 92 0 82
1-8840 0 0 68 44 71 48 78 57 0 73
1-8281 0 27 61 87 89 79 0 75 0 36
1-6050 0 42 63 49 39 78 27 32 0 5
1-5565 0 6 14 59 26 58 78 13 0 0
1-1437 0 67 40 5 95 42 73 6 0 0
1-8920 0 80 82 42 14 0 59 2 0 62
1-7739 0 59 16 63 86 49 15 21 0 52
2-3155 0 86 46 29 0 79 92 11 0 45
2-5338 0 72 34 72 77 3 0 47 0 69
2-1604 0 6 0 36 12 67 4 79 0 42
2-5636 0 57 0 17 86 4 79 65 0 0
2-6839 0 0 6 27 69 92 66 5 0 87
2-6229 0 95 79 0 79 67 20 24 0 14
2-1056 0 98 99 58 39 84 0 43 0 49
2-8265 0 64 84 91 23 85 68 72 0 59
2-8294 0 15 82 64 82 53 0 82 0 0
2-3553 0 77 24 0 66 75 59 64 0 38
2-9715 0 61 74 0 33 49 75 54 0 19
2-4451 0 6 63 55 40 19 50 54 0 75
2-7831 0 60 98 39 99 49 0 73 0 49
2-6478 0 40 6 68 78 100 70 7 0 84
2-2415 0 0 76 56 0 97 37 5 0 34
2-2443 0 0 93 83 0 76 1 74 0 43
2-8613 0 40 28 32 53 9 1 80 0 84
2-5277 0 31 46 47 0 88 0 23 0 34
2-7514 0 31 0 75 78 22 52 85 0 98
2-3376 0 43 87 74 14 55 18 60 0 89
2-7585 0 93 2 8 70 27 96 21 0 71
2-6458 0 80 42 26 12 58 5 2 0 56
2-1134 0 7 59 51 56 13 55 17 0 11
2-9368 0 100 59 68 18 66 2 93 0 64
2-1299 0 23 5 79 93 38 1 32 0 17
2-1395 0 77 65 0 76 78 1 58 0 6
2-3695 0 86 39 73 23 30 59 81 0 3
2-1105 0 81 55 0 76 0 8 19 0 58
2-1883 0 33 38 6 34 98 87 67 0 84
2-9054 0 86 63 0 64 24 26 50 0 71
3-2948 0 0 25 38 7 27 59 39 0 50
3-7572 0 83 92 77 0 0 80 39 0 22
3-4314 0 51 62 5 22 81 32 71 0 62
3-5608 0 20 46 91 27 0 0 34 0 82
3-4951 0 84 0 7 3 78 22 33 0 29
3-8146 0 85 87 30 99 0 80 56 0 86
3-2644 0 30 63 81 80 20 40 81 0 24
3-4596 0 86 86 64 45 50 20 78 0 2
3-8706 0 15 72 26 45 11 40 11 0 11
3-5747 0 17 53 98 15 10 18 71 0 93
3-7819 0 1 69 18 0 60 92 44 0 24
3-4450 0 56 8 30 0 25 84 85 0 55
3-8800 0 68 63 81 0 48 69 97 0 90
3-8536 0 24 74 71 14 80 34 31 0 23
3-7226 0 18 47 7 93 93 9 65 0 8
3-4454 0 95 96 51 0 25 67 24 0 99
3-8541 0 74 20 59 85 29 12 14 0 11
3-7077 0 75 13 66 2 0 36 53 0 16
3-2851 0 14 70 90 11 84 26 50 0 36
3-5655 0 84 85 81 68 64 24 10 0 9
3-2722 0 9 3 0 63 2 89 61 0 98
3-6674 0 0 90 77 75 96 3 68 0 3
3-4085 0 65 73 40 63 6 9 73 0 94
3-8239 0 23 2 44 10 73 39 72 0 90
3-2233 0 16 4 55 82 82 99 76 0 71
3-3760 0 42 0 36 79 79 42 72 0 77
3-3533 0 94 0 81 21 22 0 49 0 14
3-5217 0 97 58 37 44 7 62 31 0 53
3-8524 0 27 6 39 51 68 0 32 0 20
3-1091 0 31 30 0 61 35 85 97 0 54
4-9306 0 64 34 1 87 5 43 21 0 14
4-8071 0 8 7 1 37 15 59 59 0 20
4-8458 0 98 10 42 10 15 83 64 0 88
4-5982 0 3 56 13 56 93 91 46 0 20
4-4869 0 79 41 48 83 8 78 33 0 12
4-2335 0 100 68 0 64 45 86 34 0 96
4-3512 0 94 60 53 53 0 48 32 0 44
4-5311 0 22 75 100 20 0 23 26 0 51
4-7761 0 86 12 62 26 80 70 87 0 86
4-4321 0 7 2 86 16 18 91 39 0 76
4-1790 0 83 7 76 74 48 21 24 0 93
4-8982 0 75 0 15 91 69 14 53 0 70
4-5986 0 72 24 35 27 20 21 20 0 76
4-3914 0 89 91 71 35 30 88 40 0 4
4-8819 0 72 34 30 61 65 8 56 0 62
4-9955 0 8 88 13 14 53 97 33 0 20
4-9657 0 21 7 81 80 72 0 75 0 64
4-8538 0 45 51 18 15 0 15 90 0 0
4-8884 0 7 6 57 20 21 54 57 0 33
4-9245 0 98 70 52 0 87 84 10 0 23
4-4553 0 34 12 53 29 36 86 77 0 26
4-3046 0 100 80 93 42 5 63 38 0 0
4-3884 0 48 36 96 68 66 98 1 0 75
4-7027 0 19 82 1 16 37 53 27 0 2
4-9114 0 60 50 24 0 13 0 0 0 96
4-8323 0 47 40 71 61 88 0 57 0 74
4-1112 0 56 36 86 0 39 26 14 0 87
4-8075 0 41 0 62 63 54 75 0 0 13
4-4410 0 8 0 80 3 56 50 48 0 36
4-7944 0 56 5 0 25 23 84 67 0 76
5-5831 0 47 96 74 8 21 2 86 0 25
5-6394 0 73 53 89 84 0 99 7 0 27
5-2094 0 80 27 45 51 96 24 45 0 7
5-8263 0 77 23 67 47 69 56 10 0 77
5-5106 0 18 65 77 28 72 64 19 0 0
5-9871 0 87 11 16 83 89 44 34 0 0
5-5662 0 24 55 95 12 23 82 6 0 79
5-9776 0 81 2 0 12 19 59 91 0 16
5-9577 0 11 80 80 99 0 1 69 0 63
5-4660 0 38 88 71 87 89 0 98 0 26
5-8142 0 51 5 0 74 73 40 49 0 53
5-4648 0 48 43 55 83 48 0 19 0 32
5-4923 0 92 62 35 17 97 0 16 0 65
5-3306 0 13 83 53 21 29 26 42 0 46
5-3721 0 49 77 0 44 3 6 66 0 24
5-9065 0 66 52 10 20 0 99 68 0 87
5-9662 0 45 80 100 30 64 95 42 0 0
5-6930 0 82 89 59 92 23 67 42 0 65
5-1439 0 37 92 0 33 47 68 91 0 71
5-3855 0 11 28 98 43 2 90 13 0 14
5-2192 0 6 81 70 15 6 86 10 0 8
5-9972 0 27 46 46 64 72 30 38 0 32
5-6017 0 32 25 50 4 16 96 84 0 19
5-5883 0 43 10 30 39 0 47 85 0 35
5-7088 0 70 16 50 7 16 70 56 0 55
5-9162 0 99 2 5 69 94 94 54 0 14
5-1236 0 57 1 66 96 46 28 94 0 30
5-5623 0 83 100 95 97 70 48 32 0 17
5-3369 0 94 64 66 73 70 69 59 0 15
5-1186 0 39 62 10 38 72 42 78 0 75
